$ANSIBLE_VAULT;1.1;AES256
33343530666638306561376365386564313636633263663834383363656437373861303162396435
3462373162646637663565366137636363613334323339620a653661383663333331613137376334
32356462383363653430626632313266393661336535343738323435616531396133323264316632
6331303337613537660a303764663963646262323531366536346433373234623639623735316636
36663439383032623432306161313261656435323665623531663832336633643735373836393833
37333934646535313162303465663862626464653832373330616333353161333534353733613139
63633863366363303661306435656332366538343339303031633038333834623865353234336535
32656561663466353763623462393962363437666239623536346264393362353835613235393838
65333431663937643034366535643536393331373838383537383035323336643639373639313662
32373730616233616138313430626535343431643233663337613232326637623163343239303565
35663133643230613562646630643839633061373037306337303066393136633762343464643234
31643437646539383539316637353439366664363333386465343339646231623163636162353432
30356135646333396461636231626238653961613530643263336465373738303435613661393638
63353566373235666637336432316533393435343537323239386131316634613730363234623239
64653766646162313836646334616536623936663633393930643337666231383562616637346138
62326637366535663839623736633365343764343730623966353031373265666635643664363238
63396534663536326366323537393139323263363765613332376230353630333762653033626364
34616262393830343836666465643363623366613266366363656536656137643031363130666337
33333131633739616263623435343261396166353133333836363131313733636165356338626531
38393333323861353031633864636335376638353431323232363466306363633036393736363030
36356230316262626335626261346266633363326561336539336363386164373563363865346439
64336438353231643265643836363534653962323636323533343635336132313935383537323735
36393538656235653463373866666530306238363566633831353731623964613331386234353139
30383661336530383131336530663161333262353130376261643537343865383638373139633731
30313366383336393835363438663563376237313635346139393431376131396163613866326436
62303966366530346138643263313030613236356461396166633166626331323036333535623031
64373138313464396632613130373162386331343166383962366530313166633931303730313039
38316431383732626139306337643466643632303762383436663135323161616266373133633164
30646461396461363036653835613261633337653238356134393632366536386166643765633431
30636561353833333963643038346366363631663266393536303639623438656563343532303730
63643162346335373066306236333333656665613530393539363138366436626430666264313163
34353061393631656532313838376361626237613863616463656635303533323164383734623931
30616166386434646137353239326663383837393937636631663734666162663163666333663036
66653935383763633936666439373237373339336237616366336330353165393830376331633030
64663438333134376166376430623534633439316531363937333733623561306335393337636138
62336235353335653266336137633934646237333238653534303136303265316634653731326336
63393832653665396533346537353563313939376165373036363136616633623438373432373865
66656438663333653333613634373930376430616237373662626561343039336239333832663633
39323238313335653633643039343536623138653766343638333730363033386133333637663333
32346462646339646333643439643230656361383238346430323066353961363261366133613032
65613463653565626465653936616563303938643265656438363136343237643731643566306436
30643139356430363234303265373262306135333364303732396636383566346438356465326338
32653234333830333534366130393338623265656631373332653764303232373337396161663166
34653964623865333730393337396636326133643333616235636231353430613030303533313639
37643661303234656466643231633831616165326562373230653537366462336435356134303536
65613762393964623962393736356330306538663539306437633537643938333661646165393364
64373136383535313564323532316163303065306162366332666236616135346232633366343432
33663662363233356365326532636564666664313039323263613936616564393061643532353532
32366535333063313737383733633437393764343835623532313662633066353937353130633866
66653165613264343530666535626364333330646234636366343361613835643064323665313630
66303566393561633631383031636330616633346331653531316633353137366335633930303334
62303335636531653939663536376631663537343161313239353862316330313261666462343637
35646161326239363565306638326438333535386330636530386439303438663839396131626239
37383234653633666538336230353965356431623934313963383838333861663764393364346434
34653134623138346165363663643735396461323636383263323163316537323134313437626365
32336538383333386238356336643065303434333834633639396635383130366637383866303738
62386162373639303232393962653964326232316531373231333566613138656265393064333037
62306437356130333133336634386338633533303366363037303366353032623932336430356661
65666132323932356363393633633265623039313539633836383761383763613439646334383862
35643730393433613734343363656433346163633063303034383266646533313738333832376336
32646165613030633538393334316135666263636463366630343331653364313033386131323065
36393030313039386636353466643363333931633432396534383164363735626661333966343638
61343636643032626530376236346138313735356233623639353132313539333335666332633736
34623162303762303662633364396338363736373931373136383362666231386438613731353063
63663131326361663461663466303265626562383530323830336463613364356236343630386336
3636613031623134343036343938626361376131636563663365
